<HTML>
<TITLE>University of Wyoming - Radiosonde Data</TITLE>
<LINK REL="StyleSheet" HREF="/resources/select.css" TYPE="text/css">
<BODY BGCOLOR="white">
<H2>76225  Chihuahua, Chih. Observations at 12Z 01 Jan 2015</H2>
<PRE>
-----------------------------------------------------------------------------
   PRES   HGHT   TEMP   DWPT   RELH   MIXR   DRCT   SKNT   THTA   THTE   THTV
    hPa     m      C      C      %    g/kg    deg   knot     K      K      K 
-----------------------------------------------------------------------------
 1000.0     38                                                               
  856.0   1372   14.6    2.6     44   5.42    240     20  300.8  317.3  301.8
  850.0   1434   14.2    2.2     44   5.30    230     29  301.0  317.2  302.0
  849.0   1444   14.1    2.1     44   5.29    230     31  301.0  317.2  302.0
  803.0   1911   11.0    0.0     47   4.79    234     50  302.5  317.3  303.4
  786.0   2090   11.0   -2.5     39   4.08    235     57  304.4  317.2  305.1
  762.0   2348   11.0   -6.0     30   3.22    239     54  307.1  317.4  307.7
  729.0   2714    8.7   -6.7     33   3.18    245     50  308.5  318.8  309.1
  717.0   2852    7.8   -7.0     34   3.17    245     47  309.0  319.2  309.6
  700.0   3050    6.6   -7.4     36   3.15    240     46  309.8  320.0  310.4
  698.0   3073    6.4   -7.6     36   3.11    240     46  309.8  319.9  310.4
  671.0   3395    4.4   -8.6     38   2.99    240     49  311.1  320.8  311.6
  588.0   4452   -4.7   -9.4     70   3.21    240     57  312.4  322.9  313.0
  565.0   4765   -6.1  -10.8     69   2.99    240     60  314.4  324.2  314.9
  522.0   5380  -10.1  -13.7     75   2.56    240     65  316.7  325.3  317.2
  501.0   5695  -12.6  -16.7     72   2.09    240     68  317.5  324.6  317.9
  500.0   5710  -12.7  -16.8     71   2.06    240     68  317.5  324.5  317.9
  470.0   6178  -16.4  -20.2     72   1.65    240     74  318.6  324.3  318.9
  469.0   6194  -16.5  -20.3     72   1.63    240     74  318.6  324.3  318.9
  428.0   6875  -20.9  -25.9     64   1.09    237     76  321.5  325.4  321.7
  400.0   7370  -24.7  -31.7     52   0.68    235     77  322.8  325.3  322.9
  373.0   7874  -28.7  -33.7     62   0.60    226     81  324.0  326.2  324.1
  370.0   7931  -29.2  -34.1     62   0.58    225     82  324.1  326.3  324.2
  346.0   8406  -33.1  -37.9     62   0.42    225     88  325.1  326.7  325.2
  340.0   8528  -34.1  -38.8     63   0.39    225     90  325.3  326.8  325.4
  326.0   8820  -36.6  -41.0     64   0.33    220     83  325.8  327.1  325.8
  316.0   9036  -38.5  -42.6     65   0.28    222     84  326.1  327.2  326.2
  300.0   9390  -41.7  -45.3     68   0.22    225     86  326.5  327.4  326.5
  297.0   9458  -42.3  -45.9     68   0.21    225     89  326.6  327.4  326.6
  290.0   9618  -43.7  -47.3     67   0.19    225     96  326.9  327.6  326.9
  274.0   9998  -46.9  -50.7     65   0.13    223    102  327.5  328.1  327.5
  261.0  10319  -49.5  -53.4     63   0.10    221    107  328.3  328.7  328.3
  258.0  10395  -50.1  -54.0     63   0.10    221    109  328.5  328.9  328.5
  250.0  10600  -51.7  -55.6     63   0.08    220    112  329.1  329.4  329.1
  243.0  10779  -52.9  -56.7     63   0.07    220    115  330.0  330.3  330.0
  227.0  11210  -55.7  -59.5     63   0.06    215    120  332.2  332.4  332.2
  204.0  11885  -60.1  -63.7     62   0.04    215    125  335.6  335.7  335.6
  200.0  12010  -60.9  -64.5     62   0.03    215    119  336.2  336.3  336.2
  185.0  12490  -63.6  -67.5     58   0.02    225    100  339.4  339.6  339.4
  181.0  12625  -64.3  -68.4     57   0.02    225     94  340.4  340.4  340.4
  176.0  12796  -63.3  -67.6     56   0.02    230     87  344.7  344.8  344.7
  171.0  12973  -62.3  -66.8     55   0.03    234     86  349.2  349.4  349.2
  169.0  13046  -62.3  -66.9     54   0.03    235     86  350.4  350.5  350.4
  164.0  13231  -62.4  -67.2     53   0.03    230     80  353.2  353.4  353.3
  158.0  13460  -62.5  -67.5     51   0.03    230     78  356.9  357.0  356.9
  150.0  13780  -63.1  -68.1     51   0.03    230     76  361.2  361.3  361.2
  148.0  13862  -63.3  -69.3     44   0.02    230     79  362.2  362.3  362.2
  145.0  13988  -62.9  -69.2     42   0.02    230     84  365.0  365.1  365.0
  141.0  14161  -62.4  -69.2     40   0.02    230     75  368.9  369.0  368.9
  139.0  14249  -62.1  -69.1     39   0.02    231     74  370.9  371.0  370.9
  126.0  14853  -63.1  -92.1      1   0.00    236     70  379.6  379.6  379.6
  115.0  15412  -65.3  -93.3      1   0.00    240     66  385.6  385.6  385.6
  111.0  15626  -66.3  -94.3      1   0.00    240     70  387.6  387.6  387.6
  109.0  15736  -66.5  -94.5      1   0.00    240     72  389.3  389.3  389.3
  107.0  15849  -66.0  -94.2      1   0.00    240     76  392.2  392.2  392.2
  101.0  16200  -64.5  -93.4      1   0.00    235     61  401.6  401.6  401.6
  100.0  16260  -64.3  -93.3      1   0.00    235     62  403.2  403.2  403.2
   95.3  16557  -63.4  -92.4      1   0.00    240     63  410.6  410.6  410.6
   95.0  16577  -63.3  -92.3      1   0.00    240     63  411.1  411.1  411.1
   89.0  16979  -62.0  -91.0      1   0.00    270     48  421.4  421.4  421.4
   85.7  17212  -61.3  -90.3      1   0.00    272     40  427.5  427.5  427.5
   82.0  17486  -62.2  -91.2      1   0.00    275     30  431.0  431.0  431.0
   81.7  17509  -62.3  -91.3      1   0.00    275     29  431.3  431.3  431.3
   78.0  17791  -64.2  -92.9      1   0.00    275     20  433.1  433.1  433.1
   75.0  18030  -65.8  -94.3      1   0.00    290     16  434.5  434.5  434.5
   70.0  18450  -68.7  -96.7      1   0.00    270     15  437.1  437.1  437.1
   69.0  18536  -69.2  -97.0      1   0.00    265     14  437.7  437.7  437.7
   65.3  18864  -71.3  -98.3      1   0.00    229     15  440.2  440.2  440.2
   62.3  19143  -69.7  -96.7      1   0.00    198     16  449.7  449.7  449.7
   62.0  19172  -69.5  -96.6      1   0.00    195     16  450.8  450.8  450.8
   60.0  19368  -68.1  -95.8      1   0.00    215     28  458.1  458.1  458.1
   59.2  19448  -67.5  -95.5      1   0.00    225     30  461.2  461.2  461.2
   57.8  19594  -64.5  -93.5      1   0.00    244     34  471.1  471.1  471.1
   57.0  19679  -63.5  -92.5      1   0.00    255     36  475.3  475.3  475.3
   56.7  19711  -63.1  -92.1      1   0.00    258     34  476.9  476.9  476.9
   56.0  19788  -63.5  -92.5      1   0.00    265     28  477.6  477.7  477.7
   54.4  19965  -64.5  -93.5      1   0.00    257     26  479.4  479.4  479.4
   54.0  20010  -64.5  -93.5      1   0.00    255     25  480.3  480.3  480.3
   52.0  20241  -64.8  -93.3      1   0.00    280     19  484.9  484.9  484.9
   50.0  20480  -65.1  -93.1      1   0.00    265     24  489.7  489.7  489.7
   47.7  20769  -61.9  -90.9      1   0.00    265     27  503.9  503.9  503.9
   47.0  20861  -61.1  -91.1      1   0.00    265     28  508.0  508.0  508.0
   46.0  20994  -60.7  -90.7      1   0.00    265     29  512.1  512.1  512.1
   45.6  21049  -60.5  -90.5      1   0.00    273     30  513.8  513.9  513.8
   45.0  21130  -61.0  -90.8      1   0.00    285     31  514.6  514.7  514.6
   42.0  21557  -63.4  -92.4      1   0.00    290     17  518.8  518.9  518.8
   41.9  21572  -63.5  -92.5      1   0.00    291     17  519.0  519.0  519.0
   41.0  21704  -64.2  -92.8      1   0.00    300     17  520.5  520.5  520.5
   40.0  21855  -65.0  -93.2      1   0.00    290     25  522.2  522.2  522.2
   39.6  21917  -65.3  -93.3      1   0.00    290     23  522.9  522.9  522.9
   39.0  22010  -64.7  -93.0      1   0.00    290     19  526.7  526.7  526.7
   37.0  22334  -62.6  -91.8      1   0.00    255     30  540.0  540.0  540.0
   36.0  22503  -61.6  -91.3      1   0.00    260     33  547.0  547.0  547.0
   35.4  22606  -60.9  -90.9      1   0.00    251     32  551.3  551.4  551.3
   34.0  22856  -61.1  -90.8      1   0.00    230     29  557.3  557.3  557.3
   31.0  23429  -61.5  -90.5      1   0.00    280     37  571.1  571.1  571.1
   30.9  23449  -61.5  -90.5      1   0.00                571.6  571.6  571.6
</PRE><H3>Station information and sounding indices</H3><PRE>
                             Station number: 76225
                           Observation time: 150101/1200
                           Station latitude: 28.67
                          Station longitude: -106.02
                          Station elevation: 1372.0
                            Showalter index: 5.36
                               Lifted index: 5.35
    LIFT computed using virtual temperature: 5.39
                                SWEAT index: 199.12
                                    K index: 15.10
                         Cross totals index: 14.90
                      Vertical totals index: 26.90
                        Totals totals index: 41.80
      Convective Available Potential Energy: 0.00
             CAPE using virtual temperature: 0.00
                      Convective Inhibition: 0.00
             CINS using virtual temperature: 0.00
                     Bulk Richardson Number: 0.00
          Bulk Richardson Number using CAPV: 0.00
  Temp [K] of the Lifted Condensation Level: 272.05
Pres [hPa] of the Lifted Condensation Level: 697.13
     Mean mixed layer potential temperature: 301.61
              Mean mixed layer mixing ratio: 5.10
              1000 hPa to 500 hPa thickness: 5672.00
Precipitable water [mm] for entire sounding: 14.40
</PRE>
<H2>76225  Chihuahua, Chih. Observations at 12Z 02 Jan 2015</H2>
<PRE>
-----------------------------------------------------------------------------
   PRES   HGHT   TEMP   DWPT   RELH   MIXR   DRCT   SKNT   THTA   THTE   THTV
    hPa     m      C      C      %    g/kg    deg   knot     K      K      K 
-----------------------------------------------------------------------------
 1000.0     50                                                               
  856.0   1372   10.2    5.2     71   6.52      0      0  296.2  315.5  297.4
  850.0   1426   10.2    3.2     62   5.70    220      5  296.8  313.8  297.8
  835.0   1574   11.6    4.6     62   6.41    202      8  299.8  319.1  301.0
  829.0   1634   11.2    4.4     63   6.36    195      9  300.0  319.2  301.2
  820.0   1725   10.6    4.1     64   6.30    210     16  300.3  319.3  301.5
  810.0   1827    9.9    3.8     65   6.23    195     15  300.7  319.5  301.8
  790.0   2034    8.6    3.1     68   6.08    210     16  301.4  319.8  302.5
  776.0   2183    7.6    2.6     71   5.98    212     24  301.9  320.0  302.9
  748.0   2483    5.3    1.0     74   5.52    215     39  302.5  319.4  303.5
  719.0   2806    2.8   -0.8     77   5.05    215     49  303.2  318.8  304.1
  716.0   2840    2.5   -1.0     78   5.01    215     50  303.3  318.7  304.2
  700.0   3022    1.0   -1.8     82   4.81    220     53  303.6  318.4  304.4
  696.0   3068    1.0   -1.8     82   4.84    220     55  304.1  319.1  304.9
  686.0   3183    0.2   -2.5     82   4.66    220     59  304.5  318.9  305.3
  623.0   3951   -4.9   -7.3     83   3.57    227     60  307.1  318.4  307.8
  601.0   4231   -6.5   -8.8     83   3.29    230     61  308.5  319.0  309.1
  555.0   4852   -9.9  -12.1     84   2.74    222     58  311.5  320.5  312.0
  519.0   5367  -13.1  -15.4     83   2.24    216     56  313.6  321.1  314.1
  514.0   5440  -13.6  -15.9     83   2.16    215     56  313.9  321.1  314.3
  500.0   5650  -15.1  -17.5     82   1.95    215     55  314.6  321.2  314.9
  473.0   6069  -17.9  -20.3     81   1.62    219     61  316.1  321.7  316.4
  463.0   6228  -19.2  -21.5     82   1.49    220     63  316.5  321.6  316.8
  445.0   6523  -21.5  -23.8     82   1.27    220     59  317.1  321.6  317.4
  431.0   6757  -23.4  -26.2     78   1.05    220     56  317.6  321.3  317.8
  411.0   7104  -26.3  -29.9     72   0.78    224     66  318.2  321.1  318.4
  406.0   7193  -27.4  -31.6     67   0.67    225     69  318.0  320.4  318.1
  400.0   7300  -28.7  -33.7     62   0.56    225     69  317.6  319.7  317.7
  387.0   7535  -30.3  -38.3     46   0.36    226     70  318.5  319.9  318.6
  358.0   8085  -33.7  -41.7     44   0.28    228     73  321.1  322.2  321.2
  334.0   8567  -37.1  -45.1     43   0.21    230     75  322.9  323.7  322.9
  307.0   9144  -41.5  -48.5     47   0.15    222     73  324.6  325.2  324.6
  300.0   9300  -41.7  -48.7     46   0.15    220     73  326.5  327.1  326.5
  252.0  10458  -51.1  -56.1     55   0.08    206     74  329.2  329.5  329.2
  250.0  10510  -51.3  -56.3     55   0.07    205     74  329.7  330.0  329.7
  233.0  10962  -53.5  -59.7     47   0.05    200     74  332.9  333.2  333.0
  222.0  11272  -55.1  -62.1     41   0.04    207     70  335.2  335.4  335.2
  210.0  11623  -57.3  -64.3     41   0.03    214     64  337.1  337.3  337.1
  209.0  11653  -57.4  -64.4     41   0.03    215     64  337.4  337.6  337.4
  208.0  11684  -57.5  -64.5     40   0.03    215     65  337.7  337.9  337.8
  200.0  11930  -57.7  -64.7     40   0.03    215     69  341.2  341.4  341.2
  180.0  12598  -55.9  -63.9     36   0.04    233     84  354.6  354.8  354.6
  178.0  12668  -56.1  -64.1     36   0.04    235     86  355.4  355.6  355.4
  159.0  13383  -57.9  -65.9     35   0.03    238     87  364.0  364.2  364.0
  154.0  13585  -58.5  -66.5     35   0.03    239     87  366.3  366.5  366.3
  151.0  13708  -58.5  -66.5     35   0.03    240     87  368.4  368.6  368.4
  150.0  13750  -58.5  -66.5     35   0.03    240     87  369.1  369.3  369.1
  145.0  13962  -59.9  -89.9      1   0.00    245     85  370.2  370.3  370.2
  140.0  14180  -60.7  -90.7      1   0.00    251     83  372.6  372.6  372.6
  136.0  14358  -61.6  -91.4      1   0.00    255     81  374.1  374.1  374.1
  132.0  14542  -62.5  -92.1      1   0.00    250     80  375.6  375.6  375.6
  128.0  14731  -63.5  -92.8      1   0.00    245     80  377.2  377.2  377.2
  124.0  14927  -64.5  -93.5      1   0.00    249     78  378.8  378.8  378.8
  117.0  15280  -65.3  -93.3      1   0.00    255     75  383.7  383.7  383.7
  107.0  15825  -63.6  -92.5      1   0.00    260     58  396.7  396.7  396.7
  105.0  15941  -63.3  -92.3      1   0.00    261     55  399.6  399.6  399.6
  100.0  16240  -62.9  -91.9      1   0.00    265     49  405.9  405.9  405.9
   87.0  17091  -66.5  -94.7      1   0.00    270     33  415.2  415.2  415.2
   83.7  17327  -67.5  -95.5      1   0.00    249     24  417.8  417.8  417.8
   83.0  17377  -67.5  -95.5      1   0.00    245     22  418.7  418.7  418.7
   80.0  17600  -67.6  -95.6      1   0.00    255     36  422.9  422.9  422.9
   78.1  17745  -67.7  -95.7      1   0.00    261     32  425.7  425.7  425.7
   76.3  17886  -65.7  -93.7      1   0.00    266     28  432.7  432.7  432.7
   75.0  17991  -65.9  -93.9      1   0.00    270     25  434.4  434.4  434.4
   72.0  18239  -66.4  -94.4      1   0.00    245     24  438.5  438.5  438.5
   70.0  18410  -66.7  -94.7      1   0.00    260     20  441.4  441.4  441.4
   69.8  18427  -66.9  -94.9      1   0.00    259     20  441.3  441.3  441.3
   68.0  18584  -67.4  -95.2      1   0.00    245     22  443.5  443.5  443.5
   61.0  19238  -69.5  -96.6      1   0.00    245     42  452.7  452.8  452.7
   60.5  19287  -69.7  -96.7      1   0.00    243     40  453.4  453.4  453.4
   59.0  19439  -68.9  -96.1      1   0.00    235     34  458.6  458.6  458.6
   55.0  19863  -66.5  -94.3      1   0.00    265     30  473.2  473.2  473.2
   53.3  20052  -65.5  -93.5      1   0.00    280     25  479.9  479.9  479.9
   51.0  20320  -66.9  -94.9      1   0.00    300     17  482.7  482.7  482.7
   50.0  20440  -67.5  -95.5      1   0.00    285     16  484.0  484.0  484.0
   47.0  20815  -65.3  -93.9      1   0.00    275     39  497.9  497.9  497.9
   45.0  21078  -63.8  -92.8      1   0.00    275     30  507.8  507.8  507.8
   44.9  21092  -63.7  -92.7      1   0.00    275     31  508.3  508.4  508.3
   44.3  21174  -63.7  -92.7      1   0.00    272     34  510.3  510.3  510.3
   44.0  21216  -63.7  -92.7      1   0.00    270     36  511.2  511.2  511.2
   41.0  21647  -64.1  -93.1      1   0.00    260     31  520.8  520.8  520.8
   40.8  21677  -64.1  -93.1      1   0.00    260     32  521.4  521.5  521.4
   39.0  21953  -63.9  -92.9      1   0.00    265     37  528.8  528.8  528.8
   37.0  22275  -63.6  -92.6      1   0.00    285     27  537.5  537.5  537.5
   35.0  22616  -63.3  -92.3      1   0.00    265     28  546.8  546.8  546.8
   33.0  22976  -63.0  -92.0      1   0.00    275     29  556.8  556.9  556.8
   31.0  23359  -62.7  -91.7      1   0.00    265     24  567.7  567.7  567.7
   30.8  23398  -62.7  -91.7      1   0.00    262     24  568.8  568.9  568.8
   30.0  23560  -62.7  -91.7      1   0.00    250     22  573.1  573.2  573.1
   29.0  23769  -62.6  -91.6      1   0.00    240     33  578.9  579.0  578.9
   28.0  23985  -62.5  -91.5      1   0.00    250     45  585.0  585.0  585.0
   27.0  24210  -62.4  -91.4      1   0.00    255     38  591.4  591.4  591.4
   26.0  24442  -62.4  -91.3      1   0.00    255     43  598.0  598.1  598.0
   25.5  24562  -62.3  -91.3      1   0.00                601.5  601.5  601.5
</PRE><H3>Station information and sounding indices</H3><PRE>
                             Station number: 76225
                           Observation time: 150102/1200
                           Station latitude: 28.67
                          Station longitude: -106.02
                          Station elevation: 1372.0
                            Showalter index: 4.92
                               Lifted index: 2.57
    LIFT computed using virtual temperature: 2.58
                                SWEAT index: 103.38
                                    K index: 25.70
                         Cross totals index: 18.30
                      Vertical totals index: 25.30
                        Totals totals index: 43.60
      Convective Available Potential Energy: 0.00
             CAPE using virtual temperature: 0.00
                      Convective Inhibition: 0.00
             CINS using virtual temperature: 0.00
                     Bulk Richardson Number: 0.00
          Bulk Richardson Number using CAPV: 0.00
  Temp [K] of the Lifted Condensation Level: 275.78
Pres [hPa] of the Lifted Condensation Level: 751.43
     Mean mixed layer potential temperature: 299.26
              Mean mixed layer mixing ratio: 6.20
              1000 hPa to 500 hPa thickness: 5600.00
Precipitable water [mm] for entire sounding: 17.71
</PRE>
<H2>76225  Chihuahua, Chih. Observations at 12Z 03 Jan 2015</H2>
<PRE>
-----------------------------------------------------------------------------
   PRES   HGHT   TEMP   DWPT   RELH   MIXR   DRCT   SKNT   THTA   THTE   THTV
    hPa     m      C      C      %    g/kg    deg   knot     K      K      K 
-----------------------------------------------------------------------------
 1000.0    138                                                               
  859.0   1372   -1.1   -2.6     90   3.69    270      2  284.1  294.8  284.8
  852.0   1437    0.7   -3.1     76   3.60     70      4  286.7  297.2  287.3
  850.0   1456    1.2   -3.2     72   3.57     70      2  287.4  297.9  288.0
  838.0   1571    2.4   -6.7     51   2.77    245     11  289.9  298.2  290.3
  821.0   1737    4.2  -11.8     30   1.90    256     11  293.4  299.3  293.8
  813.0   1817    4.4  -13.6     26   1.65    261     10  294.5  299.7  294.8
  799.0   1957    3.2  -14.4     26   1.58    270     10  294.6  299.6  294.9
  744.0   2531   -1.7  -17.7     28   1.29    278     31  295.4  299.5  295.6
  734.0   2638   -1.9  -21.4     21   0.95    280     35  296.4  299.5  296.5
  721.0   2780   -2.0  -26.2     14   0.63    285     42  297.7  299.8  297.8
  705.0   2959   -2.3  -32.3      8   0.36    289     39  299.3  300.6  299.4
  700.0   3015   -2.7  -32.7      8   0.35    290     38  299.5  300.7  299.5
  695.0   3072   -3.1  -33.1      8   0.34    289     37  299.6  300.8  299.7
  674.0   3313   -4.0  -34.9      7   0.29    285     33  301.3  302.3  301.3
  657.0   3515   -4.7  -36.4      6   0.26    275     48  302.6  303.6  302.7
  649.0   3611   -5.1  -37.1      6   0.25    270     53  303.3  304.2  303.3
  640.0   3721   -5.7  -29.3     14   0.53    265     58  303.9  305.7  304.0
  633.0   3807   -6.1  -23.1     25   0.95    264     58  304.3  307.5  304.5
  546.0   4946  -13.8  -33.6     17   0.41    255     57  308.3  309.8  308.4
  541.0   5017  -14.3  -34.3     17   0.39    256     57  308.5  309.9  308.6
  539.0   5045  -14.5  -35.5     15   0.35    256     57  308.6  309.9  308.7
  533.0   5129  -15.1  -37.1     13   0.30    258     57  308.9  310.0  308.9
  525.0   5243  -15.9  -36.9     15   0.31    259     57  309.2  310.4  309.3
  520.0   5315  -16.1  -38.1     13   0.28    261     58  309.9  310.9  309.9
  515.0   5388  -16.1  -39.1     12   0.25    262     58  310.7  311.7  310.8
  500.0   5610  -17.7  -39.7     13   0.24    265     58  311.4  312.3  311.4
  483.0   5866  -19.4  -41.4     12   0.21    270     58  312.3  313.1  312.4
  460.0   6228  -21.9  -43.9     12   0.17    267     59  313.7  314.3  313.7
  410.0   7061  -27.8  -49.0     11   0.11    260     63  316.5  316.9  316.5
  400.0   7240  -29.1  -50.1     11   0.10    255     66  317.1  317.5  317.1
  385.0   7512  -31.3  -51.3     12   0.09    254     67  317.7  318.0  317.7
  371.0   7773  -33.3  -52.3     13   0.08    254     67  318.4  318.7  318.4
  344.0   8299  -37.3  -56.3     12   0.05    252     69  319.9  320.1  319.9
  308.0   9051  -42.6  -60.0     13   0.04    250     71  322.7  322.9  322.7
  300.0   9230  -43.9  -60.9     13   0.04    250     70  323.4  323.5  323.4
  276.0   9780  -47.8  -63.1     15   0.03    245     67  325.6  325.7  325.6
  258.0  10225  -50.9  -64.9     17   0.02    240     73  327.3  327.4  327.3
  255.0  10301  -50.5  -64.8     17   0.02    240     74  329.1  329.2  329.1
  250.0  10430  -49.7  -64.7     16   0.03    245     76  332.1  332.2  332.1
  243.0  10616  -48.1  -64.1     14   0.03    247     79  337.1  337.3  337.1
  234.0  10863  -48.5  -65.6     12   0.02    250     82  340.1  340.3  340.1
  219.0  11297  -49.3  -68.3      9   0.02    250     75  345.5  345.6  345.5
  215.0  11417  -49.3  -68.7      9   0.02    250     73  347.4  347.4  347.4
  203.0  11793  -49.1  -69.8      7   0.02    245     63  353.3  353.4  353.3
  200.0  11890  -49.1  -70.1      7   0.02    250     63  354.9  354.9  354.9
  182.0  12507  -50.1  -73.2      5   0.01    245     56  362.9  362.9  362.9
  170.0  12954  -50.9  -75.5      4   0.01    240     67  368.8  368.9  368.8
  160.0  13351  -51.5  -77.5      3   0.01    245     72  374.2  374.2  374.2
  159.0  13391  -51.6  -77.7      3   0.01    245     73  374.7  374.7  374.7
  150.0  13770  -52.3  -79.3      2   0.00    250     74  379.8  379.8  379.8
  148.0  13857  -52.5  -79.5      2   0.00    252     73  380.9  380.9  380.9
  145.0  13989  -53.0  -80.0      2   0.00    255     71  382.2  382.2  382.2
  140.0  14215  -53.9  -80.9      2   0.00    255     63  384.5  384.5  384.5
  132.0  14590  -56.3  -83.3      2   0.00    255     50  386.8  386.8  386.8
  128.0  14787  -57.5  -84.5      2   0.00    254     50  388.0  388.0  388.0
  125.0  14936  -58.7  -84.7      2   0.00    253     50  388.5  388.5  388.5
  113.0  15567  -61.1  -87.1      2   0.00    248     49  395.4  395.4  395.4
  105.0  16021  -63.5  -88.7      2   0.00    245     48  399.2  399.2  399.2
  103.0  16139  -64.1  -89.1      2   0.00    249     45  400.2  400.2  400.2
  100.0  16320  -65.5  -89.5      2   0.00    255     41  400.9  400.9  400.9
   99.0  16381  -65.9  -89.9      2   0.00    255     39  401.4  401.4  401.4
   96.2  16554  -66.9  -90.9      2   0.00    253     41  402.6  402.6  402.6
   95.1  16623  -66.9  -89.9      3   0.00    252     42  404.0  404.0  404.0
   94.0  16693  -66.9  -89.9      3   0.00    251     43  405.3  405.3  405.3
   92.0  16822  -66.7  -89.7      3   0.00    250     45  408.2  408.2  408.2
   88.0  17090  -66.3  -89.3      3   0.00    250     40  414.2  414.2  414.2
   87.0  17158  -66.6  -89.4      3   0.00    250     39  414.9  414.9  414.9
   84.0  17369  -67.7  -89.7      3   0.00    250     41  416.9  416.9  416.9
   78.0  17813  -67.9  -89.5      3   0.00    250     45  425.5  425.5  425.5
   70.0  18460  -68.1  -89.1      4   0.00    255     45  438.4  438.4  438.4
   66.2  18797  -65.5  -87.5      3   0.00    252     30  451.1  451.1  451.1
   63.0  19097  -66.7  -88.7      3   0.00    250     17  454.9  454.9  454.9
   62.4  19155  -66.9  -88.9      3   0.00    244     17  455.6  455.7  455.6
   61.0  19291  -67.5  -89.5      3   0.00    230     16  457.4  457.4  457.4
   58.0  19594  -68.7  -90.7      3   0.00    249     24  461.2  461.2  461.2
   55.0  19913  -67.5  -89.0      3   0.00    270     32  471.0  471.0  471.0
   52.6  20181  -66.5  -87.5      4   0.00    254     34  479.4  479.4  479.4
   52.0  20251  -65.7  -87.0      4   0.00    250     34  482.7  482.8  482.7
   50.0  20490  -63.1  -85.1      4   0.01    270     27  494.4  494.4  494.4
   49.8  20515  -62.5  -84.5      4   0.01    271     25  496.3  496.4  496.3
   49.0  20614  -62.7  -84.9      4   0.01    275     19  498.1  498.2  498.1
   45.0  21138  -63.8  -86.8      3   0.00    250     30  507.7  507.8  507.7
   44.7  21180  -63.9  -86.9      3   0.00    254     33  508.5  508.5  508.5
   44.0  21277  -63.2  -86.2      3   0.01    265     39  512.5  512.6  512.5
   42.4  21505  -61.5  -84.5      3   0.01    277     34  522.2  522.2  522.2
   42.0  21565  -60.8  -84.0      3   0.01    280     33  525.3  525.4  525.3
   41.0  21715  -59.0  -82.7      3   0.01    275     28  533.4  533.5  533.4
   40.4  21808  -57.9  -81.9      3   0.01    272     21  538.4  538.5  538.4
   40.0  21870  -58.1  -82.1      3   0.01    270     16  539.5  539.5  539.5
   36.0  22527  -60.2  -84.7      3   0.01    240     31  550.5  550.5  550.5
   34.0  22883  -61.4  -86.1      2   0.01    250     25  556.5  556.6  556.5
   31.5  23359  -62.9  -87.9      2   0.01    267     32  564.7  564.7  564.7
   31.0  23458  -62.8  -87.8      2   0.01    270     34  567.4  567.5  567.4
   30.0  23660  -62.7  -87.7      2   0.01    275     32  573.1  573.2  573.1
   29.0  23870  -62.1  -87.2      2   0.01    255     39  580.2  580.3  580.2
   28.0  24087  -61.6  -86.6      2   0.01    260     51  587.7  587.7  587.7
   26.2  24499  -60.5  -85.5      2   0.01    260     46  602.0  602.1  602.0
   26.0  24546  -60.4  -85.5      2   0.01    260     45  603.7  603.8  603.7
   25.1  24766  -59.7  -85.7      2   0.01    264     44  611.7  611.8  611.7
   25.0                                       265     44                     
</PRE><H3>Station information and sounding indices</H3><PRE>
                             Station number: 76225
                           Observation time: 150103/1200
                           Station latitude: 28.67
                          Station longitude: -106.02
                          Station elevation: 1372.0
                            Showalter index: 12.79
                               Lifted index: 12.61
    LIFT computed using virtual temperature: 12.56
                                SWEAT index: 62.00
                                    K index: -14.30
                         Cross totals index: 14.50
                      Vertical totals index: 18.90
                        Totals totals index: 33.40
      Convective Available Potential Energy: 0.00
             CAPE using virtual temperature: 0.00
                      Convective Inhibition: 0.00
             CINS using virtual temperature: 0.00
                     Bulk Richardson Number: 0.00
          Bulk Richardson Number using CAPV: 0.00
  Temp [K] of the Lifted Condensation Level: 262.82
Pres [hPa] of the Lifted Condensation Level: 703.95
     Mean mixed layer potential temperature: 290.58
              Mean mixed layer mixing ratio: 2.59
              1000 hPa to 500 hPa thickness: 5472.00
Precipitable water [mm] for entire sounding: 3.87
</PRE>
<H2>76225  Chihuahua, Chih. Observations at 12Z 04 Jan 2015</H2>
<PRE>
-----------------------------------------------------------------------------
   PRES   HGHT   TEMP   DWPT   RELH   MIXR   DRCT   SKNT   THTA   THTE   THTV
    hPa     m      C      C      %    g/kg    deg   knot     K      K      K 
-----------------------------------------------------------------------------
 1000.0    227                                                               
  868.0   1372   -0.7  -11.7     43   1.81      0      0  283.7  289.1  284.0
  855.0   1497    5.2   -9.8     33   2.13    356      1  291.1  297.6  291.5
  850.0   1546    5.2  -10.8     30   1.98    355      1  291.6  297.7  291.9
  836.0   1682    5.0  -11.8     28   1.86     20      3  292.8  298.6  293.1
  833.0   1711    5.0  -12.0     28   1.84     13      3  293.1  298.8  293.4
  811.0   1929    4.5  -12.9     27   1.76    325      3  294.8  300.3  295.1
  799.0   2050    4.2  -13.3     27   1.72    340      7  295.7  301.2  296.0
  773.0   2319    3.6  -14.4     25   1.63    360      6  297.9  303.1  298.2
  766.0   2392    3.3  -14.5     26   1.63      5      6  298.3  303.5  298.6
  744.0   2627    2.3  -14.9     27   1.62    355      6  299.7  305.0  300.0
  723.0   2858    1.3  -15.3     28   1.61     25      2  301.1  306.4  301.4
  713.0   2971    0.8  -15.5     28   1.61    330      3  301.8  307.0  302.1
  700.0   3119    0.2  -15.8     29   1.60    345      5  302.7  307.9  303.0
  672.0   3444   -1.6  -21.1     21   1.06    355      3  304.2  307.7  304.4
  650.0   3709   -3.1  -25.5     16   0.74      5      9  305.4  307.9  305.5
  645.0   3771   -3.5  -26.5     15   0.68      8     10  305.6  308.0  305.8
  623.0   4045   -4.6  -38.2      5   0.23     20     12  307.4  308.2  307.4
  618.0   4108   -4.9  -40.9      4   0.17     15     11  307.8  308.4  307.8
  597.0   4379   -6.9  -38.2      6   0.24    355      9  308.5  309.4  308.6
  587.0   4511   -7.9  -36.9      8   0.28    324      7  308.9  309.9  308.9
  581.0   4589   -8.4  -37.5      8   0.26    305      5  309.2  310.2  309.2
  565.0   4803   -9.8  -39.0      7   0.23      5      3  310.1  310.9  310.1
  549.0   5024  -11.2  -40.6      7   0.20    355     12  311.0  311.7  311.0
  530.0   5293  -12.9  -42.5      6   0.17    335     11  312.1  312.7  312.1
  516.0   5499  -14.2  -44.0      6   0.15    350     13  312.9  313.5  312.9
  500.0   5740  -15.7  -45.7      6   0.13    345     10  313.8  314.3  313.9
  464.0   6296  -21.1  -45.1     10   0.15    341     14  313.9  314.5  313.9
  416.0   7088  -27.2  -50.3      9   0.09    335     21  316.1  316.4  316.1
  409.0   7211  -28.1  -51.1      9   0.09    337     19  316.4  316.7  316.4
  400.0   7370  -29.3  -52.3      9   0.08    340     17  316.8  317.1  316.8
  383.0   7679  -31.7  -54.7      8   0.06    332     15  317.6  317.9  317.6
  360.0   8114  -35.3  -58.3      8   0.04    320     12  318.4  318.6  318.4
  359.0   8134  -35.5  -58.5      8   0.04    320     12  318.5  318.6  318.5
  345.0   8405  -37.6  -59.9      8   0.03    315     16  319.3  319.4  319.3
  327.0   8771  -40.4  -61.8      8   0.03    325     17  320.3  320.5  320.4
  300.0   9360  -44.9  -64.9      9   0.02    315     16  322.0  322.1  322.0
  298.0   9405  -45.3  -65.3      9   0.02    313     16  322.0  322.1  322.0
  294.0   9495  -45.9  -65.9      9   0.02    309     17  322.4  322.5  322.4
  259.0  10330  -52.1  -71.1      8   0.01    275     25  325.2  325.2  325.2
  250.0  10560  -52.3  -70.3     10   0.01    265     27  328.2  328.2  328.2
  248.0  10611  -52.6  -70.6     10   0.01    260     29  328.5  328.5  328.5
  232.0  11038  -55.1  -73.1      9   0.01    252     30  331.0  331.1  331.0
  209.0  11696  -58.9  -74.9     11   0.01    240     31  335.1  335.1  335.1
  207.0  11756  -59.1  -75.1     11   0.01    243     32  335.7  335.7  335.7
  200.0  11970  -59.3  -75.3     11   0.01    255     36  338.7  338.7  338.7
  195.0  12129  -58.3  -74.3     11   0.01    235     33  342.7  342.8  342.7
  192.0  12226  -57.7  -73.7     11   0.01    231     35  345.2  345.3  345.2
  185.0  12461  -57.2  -73.7     11   0.01    220     41  349.7  349.8  349.7
  167.0  13109  -55.9  -73.5      9   0.01    255     45  362.3  362.3  362.3
  162.0  13302  -55.5  -73.5      9   0.01    244     47  366.1  366.2  366.1
  158.0  13460  -55.9  -73.9      9   0.01    235     49  368.1  368.1  368.1
  150.0  13790  -56.7  -74.7      9   0.01    240     44  372.2  372.2  372.2
  148.0  13875  -57.3  -75.3      8   0.01    242     44  372.6  372.6  372.6
  138.0  14313  -58.8  -76.8      8   0.01    250     46  377.5  377.5  377.5
  130.0  14686  -60.1  -78.1      8   0.01    250     56  381.7  381.7  381.7
  122.0  15083  -61.4  -79.4      7   0.01    230     48  386.2  386.2  386.2
  118.0  15291  -62.1  -80.2      7   0.01    235     53  388.6  388.6  388.6
  115.0  15452  -62.7  -80.7      7   0.01    235     54  390.4  390.4  390.4
  114.0  15506  -62.9  -80.9      7   0.01    235     54  391.1  391.1  391.1
  111.0  15670  -63.4  -81.3      7   0.00    240     54  393.1  393.2  393.1
  108.0  15838  -63.9  -81.9      7   0.00    250     50  395.3  395.3  395.3
  104.0  16070  -64.6  -82.6      7   0.00    255     49  398.2  398.3  398.2
  101.0  16249  -65.1  -83.1      7   0.00    255     37  400.5  400.6  400.5
  100.0  16310  -64.3  -82.3      7   0.00    250     36  403.2  403.2  403.2
   98.9  16378  -63.7  -81.7      7   0.01    248     37  405.7  405.7  405.7
   92.0  16817  -66.9  -84.9      6   0.00    235     43  407.8  407.9  407.8
   89.1  17012  -68.3  -86.3      6   0.00    235     45  408.8  408.8  408.8
   89.0  17018  -68.3  -86.3      6   0.00    235     45  408.8  408.8  408.8
   88.0  17086  -68.7  -86.7      6   0.00    242     45  409.4  409.4  409.4
   87.0  17155  -68.8  -86.8      6   0.00    250     44  410.6  410.6  410.6
   84.0  17365  -69.0  -87.0      6   0.00    250     38  414.4  414.4  414.4
   83.0  17437  -69.0  -87.0      6   0.00    250     37  415.7  415.7  415.7
   81.8  17524  -69.1  -87.1      6   0.00    247     36  417.2  417.2  417.2
   81.0  17583  -68.9  -86.9      6   0.00    245     36  418.8  418.8  418.8
   77.0  17887  -68.0  -86.0      6   0.00    240     31  426.8  426.8  426.8
   76.0  17965  -67.8  -85.8      6   0.00    245     35  428.9  428.9  428.9
   74.9  18053  -67.5  -85.5      6   0.00    243     37  431.2  431.2  431.2
   73.0  18208  -68.7  -86.7      6   0.00    240     40  431.9  431.9  431.9
   72.0  18290  -68.2  -86.2      6   0.00    250     40  434.8  434.8  434.8
   71.2  18358  -67.7  -85.7      6   0.00    250     42  437.1  437.1  437.1
   70.0  18460  -67.5  -85.5      6   0.00    250     44  439.6  439.7  439.6
   69.0  18547  -67.2  -85.2      6   0.00    255     41  442.1  442.1  442.1
   67.3  18697  -66.7  -84.7      6   0.00    251     41  446.3  446.4  446.3
   67.0  18724  -66.7  -84.7      6   0.00    250     41  446.9  446.9  446.9
   65.0  18906  -66.9  -84.9      6   0.00    260     34  450.5  450.5  450.5
   64.0  19000  -66.9  -84.9      6   0.00    260     31  452.3  452.3  452.3
   61.0  19289  -67.1  -85.1      6   0.00    255     24  458.1  458.1  458.1
   59.0  19490  -67.3  -85.3      6   0.00    245     28  462.1  462.1  462.1
   58.9  19500  -67.3  -85.3      6   0.00    246     28  462.3  462.4  462.3
   58.0  19593  -67.1  -85.1      6   0.00    250     29  464.8  464.8  464.8
   56.0  19804  -66.7  -84.7      6   0.01    250     25  470.5  470.5  470.5
   54.3  19990  -66.3  -84.3      6   0.01    264     22  475.5  475.5  475.5
   53.0  20137  -66.0  -84.0      6   0.01    275     20  479.5  479.6  479.5
   51.0  20370  -65.5  -83.5      7   0.01    265     24  486.0  486.1  486.0
   50.3  20454  -65.3  -83.3      7   0.01    255     25  488.4  488.4  488.4
   50.0  20490  -65.3  -83.3      7   0.01    250     25  489.2  489.2  489.2
   49.0  20613  -65.6  -84.2      6   0.01    260     30  491.4  491.4  491.4
   48.5  20675  -65.7  -84.7      6   0.01                492.5  492.6  492.5
</PRE><H3>Station information and sounding indices</H3><PRE>
                             Station number: 76225
                           Observation time: 150104/1200
                           Station latitude: 28.67
                          Station longitude: -106.02
                          Station elevation: 1372.0
                            Showalter index: 14.89
                               Lifted index: 15.19
    LIFT computed using virtual temperature: 15.13
                                SWEAT index: 11.99
                                    K index: -5.90
                         Cross totals index: 4.90
                      Vertical totals index: 20.90
                        Totals totals index: 25.80
      Convective Available Potential Energy: 0.00
             CAPE using virtual temperature: 0.00
                      Convective Inhibition: 0.00
             CINS using virtual temperature: 0.00
                     Bulk Richardson Number: 0.00
          Bulk Richardson Number using CAPV: 0.00
  Temp [K] of the Lifted Condensation Level: 258.69
Pres [hPa] of the Lifted Condensation Level: 659.30
     Mean mixed layer potential temperature: 291.41
              Mean mixed layer mixing ratio: 1.91
              1000 hPa to 500 hPa thickness: 5513.00
Precipitable water [mm] for entire sounding: 4.13
</PRE>
<H2>76225  Chihuahua, Chih. Observations at 12Z 05 Jan 2015</H2>
<PRE>
-----------------------------------------------------------------------------
   PRES   HGHT   TEMP   DWPT   RELH   MIXR   DRCT   SKNT   THTA   THTE   THTV
    hPa     m      C      C      %    g/kg    deg   knot     K      K      K 
-----------------------------------------------------------------------------
 1000.0    268                                                               
  872.0   1372   -1.9   -7.9     64   2.43      0      0  282.1  289.2  282.5
  865.0   1437    1.0   -7.3     54   2.57     20      2  285.8  293.4  286.2
  857.0   1513    4.4   -6.6     45   2.73     17      3  290.1  298.3  290.5
  850.0   1580    6.2   -4.8     45   3.16     15      4  292.6  302.2  293.2
  848.0   1599    6.2   -4.8     45   3.17     17      4  292.8  302.4  293.4
  833.0   1746    7.0   -5.0     42   3.18     35      3  295.2  304.9  295.7
  820.0   1874    6.4   -5.9     41   3.01     50      2  295.9  305.1  296.4
  808.0   1995    5.9   -6.8     40   2.87    110      6  296.5  305.4  297.1
  785.0   2230    4.8   -8.4     38   2.59    140     12  297.8  305.9  298.3
  776.0   2324    4.3   -9.1     37   2.49    160     12  298.4  306.2  298.8
  717.0   2969    1.4  -13.6     32   1.88    174     13  301.9  308.0  302.3
  713.0   3014    1.1  -14.3     31   1.78    175     13  302.1  307.9  302.4
  708.0   3070    0.8  -15.2     29   1.67    161     12  302.4  307.8  302.7
  704.0   3116    1.0  -17.0     25   1.44    150     12  303.1  307.8  303.3
  700.0   3162    1.2  -18.8     21   1.24    150     13  303.8  307.9  304.0
  688.0   3301    2.4  -31.6      6   0.40    141     12  306.6  308.1  306.7
  686.0   3324    2.5  -32.4      6   0.37    140     12  306.9  308.3  307.0
  681.0   3383    2.6  -34.4      5   0.31    144     13  307.7  308.9  307.8
  653.0   3720    0.6  -29.4      8   0.52    168     17  309.2  311.1  309.3
  633.0   3967   -0.9  -36.0      5   0.28    185     20  310.2  311.2  310.3
  609.0   4274   -2.8  -44.3      2   0.12    150     12  311.5  311.9  311.5
  596.0   4445   -3.9  -48.9      2   0.08    126     11  312.2  312.5  312.2
  574.0   4735   -6.1  -49.4      2   0.07     85      9  313.0  313.3  313.0
  546.0   5121   -9.0  -50.0      2   0.07    125      8  314.0  314.3  314.0
  529.0   5365  -10.8  -50.4      2   0.07    115     11  314.7  315.0  314.7
  500.0   5800  -14.1  -51.1      3   0.07    140      9  315.8  316.1  315.8
  495.0   5876  -14.7  -52.2      3   0.06    150     11  316.0  316.2  316.0
  490.0   5954  -15.3  -53.3      2   0.06    159     11  316.1  316.4  316.1
  453.0   6540  -19.6  -55.4      3   0.05    230      8  317.9  318.1  317.9
  425.0   7017  -23.1  -57.1      3   0.04    211     11  319.3  319.5  319.3
  417.0   7156  -24.2  -56.0      4   0.05    205     12  319.7  319.9  319.7
  400.0   7460  -26.5  -53.5      6   0.07    210     16  320.5  320.7  320.5
  394.0   7568  -27.4  -53.8      6   0.06    205     20  320.7  321.0  320.7
  372.0   7978  -30.7  -54.7      8   0.06    214     18  321.6  321.9  321.6
  358.0   8247  -33.0  -56.5      8   0.05    220     17  322.0  322.2  322.0
  346.0   8486  -35.1  -58.1      8   0.04    220     20  322.4  322.6  322.4
  321.0   9002  -39.5  -60.5      9   0.03    220     25  323.3  323.4  323.3
  313.0   9173  -40.5  -61.0      9   0.03    220     27  324.1  324.3  324.1
  306.0   9326  -41.5  -61.5     10   0.03    225     33  324.9  325.1  324.9
  300.0   9460  -42.3  -62.3      9   0.03    230     39  325.6  325.8  325.6
  284.0   9827  -44.4  -64.4      9   0.02    240     55  327.8  327.9  327.8
  255.0  10547  -48.5  -68.5      8   0.01    230     68  331.9  332.0  331.9
  250.0  10680  -49.3  -69.3      8   0.01    230     67  332.6  332.7  332.6
  248.0  10732  -49.7  -69.7      8   0.01    229     67  332.8  332.9  332.8
  242.0  10890  -50.5  -70.1      8   0.01    225     66  334.0  334.1  334.0
  220.0  11505  -53.4  -71.6      9   0.01    220     95  338.7  338.7  338.7
  218.0  11564  -53.7  -71.7      9   0.01    220     97  339.1  339.2  339.1
  200.0  12110  -58.1  -72.1     15   0.01    220    111  340.6  340.7  340.6
  198.0  12173  -58.7  -71.7     17   0.01    220    112  340.6  340.7  340.6
  197.0  12205  -58.9  -71.9     17   0.01    220    112  340.8  340.8  340.8
  191.0  12399  -60.3  -73.3     17   0.01    223    107  341.6  341.6  341.6
  184.0  12631  -61.7  -73.7     19   0.01    227    102  343.0  343.0  343.0
  178.0  12834  -63.3  -75.3     18   0.01    230     97  343.7  343.7  343.7
  169.0  13153  -65.7  -77.7     17   0.01    233     82  344.8  344.8  344.8
  164.0  13335  -66.1  -79.1     15   0.00    235     74  347.1  347.1  347.1
  157.0  13601  -64.3  -77.3     15   0.01    240     61  354.5  354.5  354.5
  151.0  13839  -65.0  -78.0     15   0.01    245     49  357.3  357.3  357.3
  150.0  13880  -65.1  -78.1     15   0.01    245     49  357.7  357.8  357.7
  142.0  14213  -65.7  -78.7     15   0.01    241     56  362.3  362.4  362.3
  141.0  14256  -65.3  -78.3     15   0.01    240     57  363.8  363.8  363.8
  139.0  14343  -64.5  -77.5     15   0.01    242     54  366.7  366.7  366.7
  131.0  14706  -63.4  -76.9     14   0.01    250     42  374.8  374.9  374.8
  123.0  15092  -62.3  -76.3     14   0.01    242     36  383.7  383.8  383.7
  121.0  15192  -62.8  -76.8     14   0.01    240     35  384.6  384.6  384.6
  116.0  15450  -64.1  -78.1     13   0.01    235     41  386.8  386.9  386.8
  111.0  15720  -65.5  -79.5     13   0.01    235     41  389.1  389.2  389.1
  105.0  16056  -66.5  -80.5     12   0.01    235     40  393.5  393.5  393.5
  102.0  16231  -67.5  -81.5     12   0.01    235     36  394.8  394.8  394.8
  100.0  16350  -67.1  -81.1     12   0.01    240     36  397.8  397.9  397.8
   98.1  16466  -66.9  -80.9     12   0.01    240     33  400.4  400.4  400.4
   97.0  16534  -67.0  -81.0     12   0.01    240     31  401.6  401.6  401.6
   89.0  17054  -67.5  -81.5     12   0.01    255     29  410.6  410.6  410.6
   87.0  17191  -67.6  -81.6     12   0.01    255     28  413.0  413.0  413.0
   81.0  17622  -68.0  -82.0     12   0.01    255     49  420.7  420.7  420.7
   79.5  17735  -68.1  -82.1     12   0.01    260     46  422.7  422.8  422.7
   78.0  17849  -68.1  -82.3     12   0.01    265     42  424.9  425.0  424.9
   77.0  17927  -68.2  -82.4     11   0.01    265     46  426.5  426.5  426.5
   74.0  18166  -68.2  -82.8     11   0.01    280     38  431.2  431.3  431.2
   70.0  18500  -68.3  -83.3     10   0.01    275     27  437.9  438.0  437.9
   69.0  18587  -67.7  -82.7     10   0.01    270     23  441.0  441.1  441.0
   68.0  18675  -67.1  -82.1     10   0.01    275     24  444.2  444.3  444.2
   65.5  18902  -65.5  -80.5     11   0.01    263     20  452.4  452.5  452.4
   65.0  18949  -65.4  -80.4     11   0.01    260     19  453.7  453.8  453.7
   62.0  19238  -64.6  -79.6     11   0.01    230     13  461.6  461.6  461.6
   60.1  19428  -64.1  -79.1     11   0.01    236     18  466.8  466.9  466.8
   58.0  19646  -65.9  -80.9     11   0.01    242     24  467.5  467.6  467.5
   57.0  19752  -65.8  -81.0     11   0.01    245     27  470.0  470.1  470.0
   55.0  19969  -65.7  -81.0     10   0.01    260     22  475.2  475.2  475.2
   53.0  20195  -65.5  -81.1     10   0.01    255     28  480.6  480.6  480.6
   50.0  20550  -65.3  -81.3      9   0.01    265     28  489.2  489.3  489.2
   46.0  21060  -63.3  -79.3     10   0.02    280     40  505.7  505.8  505.7
   42.9  21487  -61.7  -77.7     10   0.02    270     35  519.9  520.1  519.9
   40.0  21920  -60.8  -77.3     10   0.03    260     30  532.8  533.0  532.8
   37.5  22320  -59.9  -76.9      9   0.03    272     36  544.9  545.1  544.9
   37.0  22403  -59.9  -77.0      9   0.03    275     37  547.0  547.3  547.0
   33.0  23115  -59.7  -77.5      8   0.03    265     41  565.6  565.8  565.6
   31.9  23326  -59.7  -77.7      8   0.03    267     41  571.2  571.5  571.2
   30.3  23648  -58.3  -77.3      7   0.03    269     41  583.5  583.8  583.5
   30.0  23710  -58.5  -77.5      7   0.03    270     41  584.6  584.9  584.6
   29.0  23925  -57.4  -76.7      7   0.04    270     47  593.2  593.5  593.2
   28.0  24147  -56.3  -75.9      7   0.05    265     43  602.3  602.7  602.3
   26.6  24472  -54.7  -74.7      7   0.06    257     45  615.7  616.2  615.8
   25.7  24693  -53.1  -74.1      6   0.07    251     46  626.4  627.0  626.4
   24.0  25132  -54.4  -75.9      5   0.05    240     49  635.0  635.5  635.0
   23.0  25404  -55.2  -77.0      5   0.05    245     54  640.4  640.8  640.4
   22.4  25573  -55.7  -77.7      5   0.04    251     52  643.8  644.2  643.8
   22.0  25688  -55.2  -77.6      5   0.04    255     50  648.6  649.1  648.7
   21.5  25835  -54.5  -77.5      4   0.05                654.9  655.4  655.0
</PRE><H3>Station information and sounding indices</H3><PRE>
                             Station number: 76225
                           Observation time: 150105/1200
                           Station latitude: 28.67
                          Station longitude: -106.02
                          Station elevation: 1372.0
                            Showalter index: 13.38
                               Lifted index: 14.53
    LIFT computed using virtual temperature: 14.43
                                SWEAT index: 17.00
                                    K index: -4.50
                         Cross totals index: 9.30
                      Vertical totals index: 20.30
                        Totals totals index: 29.60
      Convective Available Potential Energy: 0.00
             CAPE using virtual temperature: 0.00
                      Convective Inhibition: 0.00
             CINS using virtual temperature: 0.00
                     Bulk Richardson Number: 0.00
          Bulk Richardson Number using CAPV: 0.00
  Temp [K] of the Lifted Condensation Level: 265.16
Pres [hPa] of the Lifted Condensation Level: 716.76
     Mean mixed layer potential temperature: 291.66
              Mean mixed layer mixing ratio: 2.95
              1000 hPa to 500 hPa thickness: 5532.00
Precipitable water [mm] for entire sounding: 4.99
</PRE>
<H2>76225  Chihuahua, Chih. Observations at 12Z 06 Jan 2015</H2>
<PRE>
-----------------------------------------------------------------------------
   PRES   HGHT   TEMP   DWPT   RELH   MIXR   DRCT   SKNT   THTA   THTE   THTV
    hPa     m      C      C      %    g/kg    deg   knot     K      K      K 
-----------------------------------------------------------------------------
 1000.0    233                                                               
  870.0   1372    2.2   -4.8     60   3.09      0      0  286.5  295.6  287.1
  850.0   1566    9.6   -2.4     43   3.79    235      3  296.2  307.7  296.9
  837.0   1694   11.1   -1.8     40   4.01    195      7  299.1  311.4  299.8
  836.0   1704   11.2   -1.8     40   4.03    195      7  299.3  311.6  300.0
  826.0   1804   10.7   -1.6     42   4.15    190      6  299.8  312.5  300.5
  810.0   1967    9.8   -1.2     46   4.35    221      5  300.5  313.9  301.3
  794.0   2133    9.8   -1.2     46   4.43    253      4  302.2  315.9  303.0
  793.0   2143    9.9   -1.2     46   4.42    255      4  302.4  316.1  303.2
  779.0   2292   11.0   -2.0     40   4.26    229      7  305.2  318.5  305.9
  764.0   2453   10.3   -3.2     39   3.98    200     10  306.1  318.7  306.9
  731.0   2819    8.8   -5.8     35   3.41    195     12  308.3  319.3  309.0
  719.0   2957    8.2   -6.8     34   3.21    213     10  309.2  319.5  309.8
  702.0   3154    7.3  -19.3     13   1.19    240      8  310.3  314.4  310.5
  700.0   3177    7.2  -20.8     12   1.05    245      7  310.4  314.1  310.6
  698.0   3200    7.0  -22.0     11   0.95    244      7  310.5  313.8  310.6
  691.0   3283    6.4  -19.6     14   1.18    242      7  310.7  314.7  310.9
  672.0   3511    4.2  -15.8     22   1.67    236      8  310.7  316.3  311.0
  653.0   3743    2.8  -29.2      7   0.53    230      9  311.7  313.6  311.8
  652.0   3755    2.7  -28.9      8   0.54    230      9  311.7  313.7  311.8
  619.0   4172   -0.5  -18.6     24   1.43    255      9  312.7  317.6  313.0
  607.0   4329   -1.7  -14.7     36   2.02    280      8  313.1  319.9  313.4
  602.0   4395   -2.0  -16.6     32   1.74    290      8  313.5  319.4  313.8
  577.0   4731   -3.5  -26.5     15   0.76    230     14  315.5  318.3  315.7
  568.0   4855   -3.3  -33.3      8   0.41    208     17  317.2  318.7  317.3
  555.0   5037   -4.4  -34.4      8   0.38    175     20  318.0  319.4  318.1
  544.0   5195   -5.3  -35.3      7   0.35    178     19  318.7  320.1  318.8
  516.0   5606   -8.8  -27.5     21   0.78    185     17  319.4  322.2  319.5
  512.0   5667   -9.3  -26.3     24   0.88    183     17  319.5  322.6  319.6
  500.0   5850  -10.1  -32.1     15   0.52    175     15  320.7  322.6  320.8
  498.0   5881  -10.3  -32.3     15   0.51    174     15  320.8  322.7  320.9
  489.0   6021  -10.9  -30.9     18   0.60    168     15  321.7  323.9  321.8
  475.0   6239  -12.5  -31.4     19   0.59    160     14  322.4  324.6  322.5
  458.0   6513  -14.6  -31.9     21   0.58    155     11  323.2  325.4  323.4
  434.0   6917  -17.6  -32.8     25   0.56    150     18  324.4  326.6  324.6
  409.0   7363  -20.9  -33.8     31   0.54    130     13  325.7  327.8  325.8
  400.0   7530  -22.1  -34.1     33   0.54    125     13  326.2  328.2  326.3
  396.0   7604  -22.9  -33.9     36   0.55    127     13  326.1  328.2  326.2
  381.0   7886  -25.3  -35.3     39   0.50    137     15  326.5  328.4  326.6
  364.0   8217  -27.7  -36.7     42   0.46    148     18  327.6  329.4  327.7
  338.0   8746  -31.9  -40.9     41   0.32    166     21  328.9  330.2  329.0
  323.0   9066  -34.3  -43.3     40   0.26    177     23  329.9  330.9  329.9
  319.0   9153  -34.9  -43.9     39   0.25    180     24  330.2  331.2  330.3
  307.0   9420  -36.7  -45.7     39   0.21    189     26  331.3  332.2  331.4
  300.0   9580  -38.1  -46.1     43   0.20    195     27  331.6  332.4  331.6
  296.0   9672  -39.1  -47.1     42   0.19    200     27  331.5  332.2  331.5
  295.0   9695  -39.3  -47.3     42   0.18    200     27  331.4  332.2  331.5
  286.0   9906  -41.3  -48.3     47   0.17    202     27  331.5  332.2  331.6
  255.0  10668  -48.1  -55.1     44   0.08    210     27  332.5  332.9  332.5
  250.0  10800  -49.3  -56.3     44   0.07    215     28  332.6  333.0  332.6
  231.0  11311  -53.3  -60.3     42   0.05    215     44  334.2  334.4  334.2
  226.0  11451  -54.5  -61.5     42   0.04    215     48  334.5  334.7  334.5
  219.0  11651  -56.1  -63.1     41   0.04    212     49  335.0  335.1  335.0
  205.0  12065  -59.0  -65.3     44   0.03    205     50  336.8  336.9  336.8
  200.0  12220  -60.1  -66.1     45   0.03    205     50  337.4  337.6  337.4
  182.0  12804  -64.3  -70.3     44   0.02    213     51  339.8  339.9  339.8
  169.0  13259  -63.5  -70.3     39   0.02    220     52  348.3  348.4  348.4
  165.0  13406  -63.3  -70.3     38   0.02    225     46  351.1  351.2  351.1
  155.0  13790  -64.3  -71.3     38   0.02    239     30  355.8  355.9  355.8
  154.0  13829  -64.5  -71.5     38   0.02    240     28  356.0  356.1  356.0
  150.0  13990  -65.5  -72.5     37   0.01    235     23  357.1  357.1  357.1
  143.0  14277  -67.6  -74.6     36   0.01    210     15  358.3  358.4  358.3
  135.0  14623  -70.1  -77.1     35   0.01    185     27  359.8  359.9  359.8
  132.0  14757  -68.7  -75.7     36   0.01    187     36  364.6  364.7  364.6
  129.0  14896  -67.9  -74.9     36   0.01    190     45  368.4  368.5  368.4
  125.0  15085  -66.9  -73.9     37   0.01    199     45  373.6  373.7  373.6
  118.0  15432  -67.7  -74.7     36   0.01    215     46  378.3  378.4  378.3
  115.0  15587  -68.1  -75.1     36   0.01    213     53  380.4  380.5  380.4
  109.0  15910  -66.9  -73.9     37   0.02    210     67  388.5  388.6  388.5
  105.0  16135  -66.1  -73.1     37   0.02    219     61  394.2  394.3  394.2
  100.0  16430  -67.7  -74.7     36   0.02    230     54  396.7  396.8  396.7
   99.5  16460  -67.7  -74.7     36   0.02    231     52  397.2  397.3  397.2
   96.0  16674  -69.4  -78.0     27   0.01    235     40  398.1  398.1  398.1
   95.3  16717  -69.7  -78.7     26   0.01    234     39  398.2  398.3  398.2
   94.1  16793  -70.3  -96.3      1   0.00    231     36  398.5  398.5  398.5
   91.0  16991  -71.0  -97.9      1   0.00    225     30  400.9  400.9  400.9
   90.7  17010  -71.1  -98.1      1   0.00    225     31  401.1  401.1  401.1
   89.7  17075  -71.1  -98.1      1   0.00    227     33  402.4  402.4  402.4
   88.0  17188  -71.0  -98.0      1   0.00    230     38  404.7  404.7  404.7
   83.0  17534  -70.9  -97.9      1   0.00    235     28  411.8  411.8  411.8
   77.0  17977  -70.7  -97.7      1   0.00    235     41  421.1  421.1  421.1
   71.0  18456  -70.5  -97.5      1   0.00    260     29  431.4  431.4  431.4
   70.0  18540  -70.5  -97.5      1   0.00    265     29  433.2  433.2  433.2
   66.0  18890  -69.4  -96.7      1   0.00    285     25  443.0  443.1  443.0
   63.0  19166  -68.5  -96.1      1   0.00    275     15  450.9  450.9  450.9
   61.0  19358  -67.8  -95.7      1   0.00    265     12  456.5  456.5  456.5
   59.3  19525  -67.3  -95.3      1   0.00    303     14  461.4  461.4  461.4
   59.0  19556  -67.2  -95.2      1   0.00    310     14  462.2  462.3  462.2
   56.0  19869  -66.5  -94.5      1   0.00    300      9  470.8  470.8  470.8
   55.0  19977  -66.3  -94.3      1   0.00    265     11  473.8  473.8  473.8
   54.0  20087  -66.4  -94.4      1   0.00    230     13  476.1  476.1  476.1
   53.0  20200  -66.5  -94.5      1   0.00    235     18  478.4  478.4  478.4
   51.0  20431  -66.6  -94.6      1   0.00    275     15  483.3  483.4  483.3
   50.0  20550  -66.7  -94.7      1   0.00    275     13  485.9  485.9  485.9
   48.0  20798  -66.2  -94.4      1   0.00    295     12  492.7  492.7  492.7
   47.0  20926  -66.0  -94.3      1   0.00    265     13  496.3  496.3  496.3
   46.0  21056  -65.7  -94.1      1   0.00    250     22  499.9  499.9  499.9
   43.0  21465  -65.0  -93.6      1   0.00    280     16  511.6  511.6  511.6
   42.0  21608  -64.7  -93.5      1   0.00    285     32  515.7  515.7  515.7
   39.9  21919  -64.1  -93.1      1   0.00    287     28  524.8  524.8  524.8
   37.0  22382  -62.3  -91.3      1   0.00    290     23  540.8  540.9  540.8
   36.7  22432  -62.1  -91.1      1   0.00    293     23  542.6  542.6  542.6
   36.0  22551  -62.3  -91.3      1   0.00    300     22  545.1  545.2  545.1
   34.0  22902  -62.8  -91.8      1   0.00    270     17  552.8  552.8  552.8
   33.0  23085  -63.0  -92.0      1   0.00    235     27  556.8  556.8  556.8
   32.0  23274  -63.3  -92.3      1   0.00    245     22  561.0  561.0  561.0
   31.4  23391  -63.5  -92.5      1   0.00    258     22  563.6  563.6  563.6
   30.0  23670  -63.7  -92.7      1   0.00    290     23  570.4  570.4  570.4
   29.0  23878  -63.2  -92.2      1   0.00    275     26  577.4  577.4  577.4
   28.0  24093  -62.7  -91.7      1   0.00    290     29  584.6  584.6  584.6
   27.3  24249  -62.3  -91.3      1   0.00    293     24  589.9  589.9  589.9
   27.0  24317  -62.1  -91.3      1   0.00    295     22  592.2  592.3  592.2
   25.2  24743  -61.1  -91.1      1   0.00    295     27  607.0  607.0  607.0
   25.0  24792  -61.0  -91.0      1   0.00    295     28  608.6  608.6  608.6
   24.0  25046  -60.7  -90.7      1   0.00    265     31  616.7  616.8  616.7
   23.0  25311  -60.3  -90.3      1   0.00    285     23  625.4  625.4  625.4
   20.0  26180  -59.1  -89.1      1   0.01    255     32  654.5  654.6  654.5
   19.8  26243  -58.7  -88.7      1   0.01    255     33  657.6  657.7  657.6
   18.4  26707  -55.7  -86.7      1   0.01    259     40  681.0  681.1  681.0
   18.3  26741  -55.9  -86.9      1   0.01    259     40  681.4  681.5  681.4
   18.0                                       260     42                     
</PRE><H3>Station information and sounding indices</H3><PRE>
                             Station number: 76225
                           Observation time: 150106/1200
                           Station latitude: 28.67
                          Station longitude: -106.02
                          Station elevation: 1372.0
                            Showalter index: 13.72
                               Lifted index: 14.00
    LIFT computed using virtual temperature: 13.91
                                SWEAT index: 20.98
                                    K index: -10.70
                         Cross totals index: 7.70
                      Vertical totals index: 19.70
                        Totals totals index: 27.40
      Convective Available Potential Energy: 0.00
             CAPE using virtual temperature: 0.00
                      Convective Inhibition: 0.00
             CINS using virtual temperature: 0.00
                     Bulk Richardson Number: 0.00
          Bulk Richardson Number using CAPV: 0.00
  Temp [K] of the Lifted Condensation Level: 268.30
Pres [hPa] of the Lifted Condensation Level: 710.47
     Mean mixed layer potential temperature: 295.86
              Mean mixed layer mixing ratio: 3.79
              1000 hPa to 500 hPa thickness: 5617.00
Precipitable water [mm] for entire sounding: 9.48
</PRE>
<H2>76225  Chihuahua, Chih. Observations at 12Z 07 Jan 2015</H2>
<PRE>
-----------------------------------------------------------------------------
   PRES   HGHT   TEMP   DWPT   RELH   MIXR   DRCT   SKNT   THTA   THTE   THTV
    hPa     m      C      C      %    g/kg    deg   knot     K      K      K 
-----------------------------------------------------------------------------
 1000.0    205                                                               
  869.0   1372    6.2    1.2     70   4.83      0      0  290.8  304.9  291.6
  851.0   1548   10.7    0.1     48   4.54    240      1  297.3  311.0  298.1
  850.0   1558   11.0    0.0     47   4.52    250      1  297.7  311.4  298.5
  844.0   1617   11.2    0.2     47   4.62    310      2  298.5  312.5  299.3
  839.0   1667   11.5    0.5     47   4.76      0      3  299.3  313.8  300.2
  828.0   1777   12.2    1.2     47   5.07     25      5  301.2  316.6  302.1
  817.0   1889   11.7    1.2     49   5.14     50      7  301.8  317.5  302.7
  766.0   2426    9.2    1.2     57   5.48    132     12  304.7  321.6  305.7
  763.0   2459    9.2    1.2     57   5.50    137     12  305.0  322.1  306.1
  758.0   2513    8.8    1.4     59   5.61    145     13  305.2  322.6  306.3
  746.0   2645    8.0    1.8     65   5.88    135     14  305.7  323.9  306.8
  735.0   2767    7.2    2.2     71   6.14    165     14  306.1  325.1  307.2
  719.0   2949    6.0    2.8     80   6.55    163     12  306.7  327.0  308.0
  707.0   3087    5.2    1.8     79   6.20    161     10  307.3  326.6  308.5
  700.0   3168    5.0    1.6     79   6.18    160      9  308.0  327.2  309.1
  692.0   3262    4.6    0.4     74   5.73    164      6  308.6  326.5  309.6
  682.0   3381    5.5   -2.3     57   4.75    170      2  310.8  325.9  311.7
  676.0   3453    6.0   -4.0     49   4.23    162      5  312.2  325.8  313.0
  671.0   3514    5.7   -5.7     44   3.74    155      7  312.5  324.7  313.2
  669.0   3538    5.6   -6.4     42   3.56    162      8  312.7  324.3  313.4
  661.0   3637    5.2   -6.8     42   3.49    191     10  313.3  324.7  314.0
  660.0   3649    5.1   -6.9     42   3.48    195     10  313.4  324.7  314.0
  640.0   3898    3.6   -8.0     42   3.29    180     14  314.4  325.2  315.0
  622.0   4130    2.2   -9.0     43   3.12    200     12  315.4  325.7  316.0
  609.0   4301    1.2   -9.8     44   3.00    227      9  316.1  326.1  316.7
  603.0   4380    0.5  -10.2     45   2.92    240      8  316.1  325.9  316.7
  589.0   4568   -1.3  -11.3     47   2.75    225      8  316.2  325.4  316.8
  567.0   4869   -3.8  -11.1     57   2.90    200      7  316.7  326.4  317.3
  550.0   5110   -5.8  -10.9     67   3.03    230      8  317.1  327.2  317.7
  546.0   5167   -6.3  -10.9     70   3.07    208      9  317.2  327.4  317.8
  541.0   5239   -6.8  -11.3     70   3.00    180     11  317.5  327.5  318.1
  532.0   5369   -7.7  -12.0     71   2.88    200     12  317.9  327.6  318.5
  518.0   5576   -9.1  -13.1     72   2.70    180      9  318.7  327.8  319.2
  500.0   5850  -10.9  -14.6     74   2.48    195      8  319.7  328.1  320.2
  486.0   6068  -12.7  -16.8     71   2.12    170      8  320.1  327.4  320.5
  474.0   6259  -14.3  -18.8     69   1.84    185     12  320.4  326.8  320.8
  466.0   6388  -15.1  -19.2     71   1.80    195     14  320.9  327.2  321.3
  449.0   6669  -16.9  -20.2     76   1.72    153     12  322.1  328.2  322.5
  432.0   6957  -18.7  -21.6     78   1.58    110     10  323.4  329.0  323.7
  411.0   7328  -21.0  -23.5     81   1.41    135     17  325.0  330.1  325.3
  400.0   7530  -22.3  -24.5     82   1.32    145     17  325.9  330.7  326.2
  398.0   7567  -22.5  -24.7     82   1.30    145     17  326.1  330.9  326.4
  381.0   7886  -25.1  -27.3     82   1.08    147     20  326.8  330.7  327.0
  372.0   8059  -26.3  -28.5     82   0.99    149     22  327.4  331.1  327.6
  362.0   8255  -27.6  -30.6     75   0.83    150     24  328.2  331.3  328.4
  350.0   8497  -29.3  -33.3     68   0.66    147     28  329.1  331.7  329.3
  343.0   8641  -30.1  -34.3     67   0.62    145     30  329.9  332.2  330.0
  337.0   8767  -30.9  -35.1     67   0.58    151     28  330.5  332.8  330.7
  322.0   9085  -33.6  -37.8     66   0.46    165     23  331.2  333.0  331.3
  300.0   9580  -37.7  -41.9     65   0.32    170     27  332.1  333.4  332.2
  296.0   9673  -38.3  -42.7     63   0.30    172     27  332.5  333.8  332.6
  275.0  10174  -42.7  -47.7     58   0.19    184     25  333.2  334.0  333.3
  265.0  10421  -44.9  -49.9     57   0.15    190     24  333.6  334.2  333.6
  250.0  10810  -48.3  -53.3     56   0.11    190     18  334.1  334.6  334.1
  247.0  10889  -48.9  -54.3     53   0.10    190     18  334.4  334.8  334.4
  243.0  10995  -49.7  -55.7     49   0.08    190     19  334.8  335.1  334.8
  224.0  11519  -54.1  -60.1     48   0.05    190     21  335.9  336.1  335.9
  208.0  11987  -58.5  -63.5     52   0.04    190     24  336.2  336.3  336.2
  200.0  12230  -60.9  -65.7     53   0.03    190     25  336.2  336.3  336.2
  187.0  12645  -64.1  -68.7     53   0.02    186     27  337.5  337.6  337.5
  172.0  13154  -67.1  -71.4     54   0.01    182     29  340.7  340.8  340.7
  156.0  13738  -71.1  -75.1     55   0.01    176     31  343.6  343.6  343.6
  152.0  13892  -71.2  -75.3     55   0.01    175     32  345.9  345.9  345.9
  150.0  13970  -71.3  -75.4     54   0.01    170     31  347.1  347.1  347.1
  145.0  14170  -71.9  -76.8     48   0.01    195     40  349.4  349.5  349.4
  136.0  14553  -65.7  -70.5     51   0.02    210     56  366.8  366.9  366.8
  134.0  14642  -64.3  -69.1     52   0.03    217     55  370.9  371.0  370.9
  132.0  14734  -63.8  -68.9     50   0.03    225     54  373.4  373.5  373.4
  127.0  14971  -62.6  -68.4     45   0.03    215     61  379.8  379.9  379.8
  126.0  15019  -62.3  -68.3     44   0.03    218     60  381.1  381.2  381.1
  119.0  15371  -62.1  -68.1     44   0.03    240     51  387.7  387.9  387.7
  108.0  15964  -65.7  -72.7     37   0.02    249     37  391.8  391.9  391.8
  101.0  16370  -66.0  -89.6      2   0.00    255     28  398.7  398.7  398.7
  100.0  16430  -66.1  -92.1      2   0.00    250     25  399.8  399.8  399.8
   99.2  16479  -66.1  -94.1      1   0.00    243     24  400.7  400.7  400.7
   97.0  16614  -66.6  -94.6      1   0.00    225     21  402.3  402.3  402.3
   92.4  16907  -67.7  -95.7      1   0.00    197     21  405.7  405.7  405.7
   92.0  16932  -67.8  -95.8      1   0.00    195     21  405.9  405.9  405.9
   89.0  17129  -69.0  -96.7      1   0.00    215     21  407.6  407.6  407.6
   86.0  17333  -70.1  -97.6      1   0.00    215     21  409.3  409.3  409.3
   83.0  17544  -71.3  -98.5      1   0.00    225     26  411.1  411.1  411.1
   81.0  17688  -72.1  -99.1      1   0.00    220     23  412.3  412.3  412.3
   80.5  17725  -72.3  -99.3      1   0.00    218     21  412.6  412.6  412.6
   80.0  17762  -72.4  -99.4      1   0.00    215     18  413.1  413.1  413.1
   79.3  17813  -72.5  -99.5      1   0.00    213     19  413.9  413.9  413.9
   77.0  17987  -71.8  -98.8      1   0.00    205     23  418.9  418.9  418.9
   73.0  18302  -70.5  -97.5      1   0.00    230     39  427.9  428.0  427.9
   71.0  18466  -69.9  -96.9      1   0.00    245     36  432.8  432.8  432.8
   70.0  18550  -69.5  -96.5      1   0.00    260     30  435.4  435.4  435.4
   69.0  18636  -69.8  -96.8      1   0.00    280     24  436.5  436.5  436.5
   63.1  19167  -71.7  -98.7      1   0.00    305     17  443.6  443.6  443.6
   63.0  19177  -71.7  -98.7      1   0.00    305     17  443.9  443.9  443.9
   62.0  19272  -71.3  -98.4      1   0.00    305     10  446.8  446.8  446.8
   61.0  19369  -70.9  -98.2      1   0.00    310     12  449.7  449.7  449.7
   60.0  19467  -70.5  -98.0      1   0.00    310      9  452.8  452.8  452.8
   56.6  19814  -69.1  -97.1      1   0.00    285      7  463.5  463.5  463.5
   56.0  19878  -68.8  -96.8      1   0.00    280      7  465.6  465.7  465.6
   55.0  19987  -68.3  -96.3      1   0.00    285      7  469.3  469.3  469.3
   53.6  20142  -67.5  -95.5      1   0.00    334      6  474.5  474.5  474.5
   53.0  20210  -68.0  -96.0      1   0.00    355      5  474.9  474.9  474.9
   52.1  20313  -68.7  -96.7      1   0.00      4      3  475.6  475.6  475.6
   52.0  20324  -68.7  -96.7      1   0.00      5      3  475.8  475.8  475.8
   51.4  20394  -68.7  -96.7      1   0.00      2      7  477.4  477.4  477.4
   51.0  20441  -68.6  -96.6      1   0.00      0      9  478.7  478.7  478.7
   50.0  20560  -68.3  -96.3      1   0.00     15     12  482.1  482.1  482.1
   49.0  20681  -68.3  -96.3      1   0.00      5      7  484.9  484.9  484.9
   48.0  20805  -68.3  -96.3      1   0.00    350     11  487.8  487.8  487.8
   47.4  20880  -68.3  -96.3      1   0.00                489.5  489.5  489.5
</PRE><H3>Station information and sounding indices</H3><PRE>
                             Station number: 76225
                           Observation time: 150107/1200
                           Station latitude: 28.67
                          Station longitude: -106.02
                          Station elevation: 1372.0
                            Showalter index: 10.62
                               Lifted index: 10.08
    LIFT computed using virtual temperature: 10.26
                                SWEAT index: 9.98
                                    K index: 18.50
                         Cross totals index: 10.90
                      Vertical totals index: 21.90
                        Totals totals index: 32.80
      Convective Available Potential Energy: 0.00
             CAPE using virtual temperature: 0.00
                      Convective Inhibition: 0.00
             CINS using virtual temperature: 0.00
                     Bulk Richardson Number: 0.00
          Bulk Richardson Number using CAPV: 0.00
  Temp [K] of the Lifted Condensation Level: 271.76
Pres [hPa] of the Lifted Condensation Level: 726.30
     Mean mixed layer potential temperature: 297.79
              Mean mixed layer mixing ratio: 4.79
              1000 hPa to 500 hPa thickness: 5645.00
Precipitable water [mm] for entire sounding: 18.83
</PRE>
<H2>76225  Chihuahua, Chih. Observations at 12Z 31 Jan 2015</H2>
<PRE>
-----------------------------------------------------------------------------
   PRES   HGHT   TEMP   DWPT   RELH   MIXR   DRCT   SKNT   THTA   THTE   THTV
    hPa     m      C      C      %    g/kg    deg   knot     K      K      K 
-----------------------------------------------------------------------------
 1000.0     64                                                               
  857.0   1372    9.8    8.7     93   8.30    260      1  295.7  320.0  297.2
  850.0   1439    9.8    6.7     81   7.29    175      6  296.4  317.9  297.7
  843.0   1508    9.6    6.3     80   7.14    165     12  296.9  318.0  298.2
  811.0   1829    8.6    4.3     74   6.46    204     15  299.1  318.5  300.3
  806.0   1880    8.3    3.9     74   6.34    210     16  299.4  318.4  300.5
  762.0   2342    5.7    0.7     70   5.30    230     29  301.3  317.5  302.3
  761.0   2353    5.6    0.6     70   5.28    230     29  301.4  317.5  302.3
  749.0   2483    5.0   -1.0     65   4.77    233     30  302.1  316.8  303.0
  742.0   2559    4.5   -1.5     65   4.65    235     30  302.4  316.7  303.2
  723.0   2770    3.2   -2.8     65   4.33    235     29  303.2  316.6  304.0
  704.0   2986    2.6   -6.4     52   3.38    235     28  304.8  315.5  305.5
  700.0   3032    2.4   -6.6     51   3.35    235     28  305.1  315.7  305.7
  685.0   3206    1.4  -10.1     42   2.60    225     31  305.9  314.3  306.4
  682.0   3242    1.2  -10.8     40   2.47    224     30  306.1  314.1  306.5
  674.0   3336    0.8  -12.2     37   2.24    221     28  306.6  313.9  307.1
  660.0   3504   -0.3  -13.3     37   2.09    216     23  307.2  314.1  307.6
  657.0   3541   -0.6  -13.7     36   2.03    215     22  307.3  314.0  307.7
  633.0   3836   -2.9  -16.9     33   1.62    223     27  308.0  313.4  308.3
  611.0   4115   -4.7  -15.5     43   1.88    230     31  309.0  315.3  309.4
  599.0   4271   -5.7  -14.7     49   2.05    230     35  309.6  316.4  310.0
  589.0   4402   -6.7  -14.7     53   2.09    230     39  309.9  316.9  310.4
  586.0   4442   -7.0  -14.7     54   2.09    230     40  310.1  317.0  310.4
  552.0   4905  -10.5  -15.2     68   2.14    230     43  311.2  318.4  311.6
  539.0   5088  -11.2  -18.1     57   1.71    230     44  312.6  318.4  312.9
  533.0   5174  -11.5  -19.5     52   1.54    228     46  313.2  318.4  313.5
  521.0   5348  -12.5  -23.5     39   1.11    223     51  314.0  317.9  314.2
  500.0   5660  -14.7  -27.7     32   0.79    215     60  315.1  317.9  315.2
  491.0   5797  -15.9  -24.9     46   1.04    215     62  315.2  318.9  315.4
  490.0   5813  -16.0  -24.7     47   1.06    215     62  315.3  319.0  315.5
  477.0   6015  -17.3  -22.3     65   1.35    209     59  316.1  320.8  316.4
  459.0   6301  -19.5  -23.2     73   1.30    200     54  316.9  321.4  317.1
  454.0   6383  -20.1  -23.4     75   1.29    200     55  317.1  321.6  317.3
  450.0   6449  -20.5  -24.0     74   1.23    199     55  317.4  321.7  317.6
  417.0   7008  -24.5  -27.2     78   0.99    197     60  319.2  322.8  319.4
  400.0   7310  -26.5  -29.4     76   0.84    195     62  320.5  323.5  320.6
  393.0   7437  -27.5  -30.5     76   0.77    194     63  320.8  323.6  320.9
  358.0   8097  -32.7  -36.2     70   0.48    190     71  322.5  324.3  322.6
  335.0   8566  -36.4  -40.3     67   0.34    190     78  323.6  324.9  323.7
  333.0   8609  -36.7  -40.7     66   0.33    193     77  323.7  325.0  323.8
  325.0   8778  -35.9  -43.9     44   0.24    204     72  327.1  328.1  327.1
  324.0   8799  -36.0  -44.5     41   0.22    205     71  327.2  328.1  327.2
  306.0   9194  -38.7  -56.7     13   0.06    201     67  328.8  329.1  328.9
  300.0   9330  -39.3  -59.3     10   0.04    200     66  329.9  330.1  329.9
  298.0   9375  -39.5  -59.6     10   0.04    195     65  330.2  330.4  330.2
  268.0  10091  -42.9  -64.1      8   0.03    210     66  335.4  335.6  335.4
  250.0  10560  -45.1  -67.1      7   0.02    220     65  338.9  339.0  338.9
  244.0  10722  -46.1  -68.1      7   0.02    222     61  339.7  339.8  339.8
  239.0  10860  -46.7  -68.7      6   0.02    223     58  340.9  340.9  340.9
  231.0  11088  -46.0  -68.7      6   0.02    225     52  345.3  345.3  345.3
  217.0  11506  -44.7  -68.7      5   0.02    233     65  353.5  353.6  353.5
  207.0  11821  -46.9  -71.9      4   0.01    239     74  354.8  354.9  354.8
  206.0  11854  -47.0  -72.0      4   0.01    240     75  355.2  355.3  355.2
  200.0  12050  -47.3  -72.3      4   0.01    245     69  357.7  357.8  357.7
  188.0  12456  -49.5  -74.5      4   0.01    242     63  360.5  360.6  360.5
  180.0  12739  -51.1  -76.1      4   0.01    240     58  362.4  362.5  362.4
  172.0  13033  -52.1  -77.1      3   0.01    245     63  365.5  365.5  365.5
  163.0  13379  -53.3  -78.3      3   0.01    254     63  369.2  369.2  369.2
  162.0  13419  -53.5  -78.5      3   0.01    255     63  369.5  369.5  369.5
  151.0  13868  -55.7  -80.7      3   0.00    255     65  373.2  373.2  373.2
  150.0  13910  -55.7  -80.7      3   0.00    255     65  373.9  373.9  373.9
  144.0  14170  -56.5  -81.5      3   0.00    255     56  376.9  376.9  376.9
  140.0  14347  -57.8  -82.4      3   0.00    255     49  377.6  377.6  377.6
  136.0  14530  -59.2  -83.4      3   0.00    245     49  378.3  378.4  378.3
  134.0  14623  -59.9  -83.9      3   0.00    246     48  378.7  378.7  378.7
  125.0  15055  -61.9  -85.9      3   0.00    249     43  382.7  382.7  382.7
  111.0  15783  -66.1  -88.1      3   0.00    255     35  388.0  388.0  388.0
  108.0  15949  -67.3  -89.3      3   0.00    253     39  388.8  388.8  388.8
  103.0  16233  -68.9  -90.3      3   0.00    250     45  391.0  391.0  391.0
  100.0  16410  -69.9  -90.9      3   0.00    255     38  392.4  392.4  392.4
   97.5  16561  -70.5  -91.5      3   0.00    267     36  394.1  394.1  394.1
   95.0  16713  -71.1  -91.8      3   0.00    280     34  395.8  395.8  395.8
   91.0  16967  -72.1  -92.2      4   0.00    280     24  398.7  398.7  398.7
   84.5  17403  -73.9  -92.9      4   0.00    245     29  403.7  403.7  403.7
   84.0  17438  -73.7  -92.7      4   0.00    245     30  404.8  404.8  404.8
   79.5  17761  -71.7  -90.7      4   0.00    272     26  415.3  415.3  415.3
   79.0  17798  -71.8  -90.8      4   0.00    275     25  415.9  415.9  415.9
   70.0  18510  -72.7  -91.7      4   0.00    285     17  428.5  428.5  428.5
   69.5  18552  -72.7  -91.7      4   0.00    289     16  429.4  429.4  429.4
   68.0  18680  -72.1  -91.1      4   0.00    300     13  433.4  433.4  433.4
   66.0  18855  -71.2  -90.2      5   0.00    260     11  439.0  439.0  439.0
   65.2  18927  -70.9  -89.9      5   0.00    263     13  441.2  441.2  441.2
   63.0  19131  -69.8  -88.8      5   0.00    270     19  447.9  447.9  447.9
   61.0  19322  -68.9  -87.9      5   0.00    305     10  454.2  454.3  454.2
   59.5  19470  -68.1  -87.1      5   0.00    268      8  459.2  459.2  459.2
   58.0  19623  -68.1  -87.1      5   0.00    230      6  462.5  462.5  462.5
   57.0  19727  -68.2  -87.2      5   0.00    280      1  464.8  464.8  464.8
   55.0  19940  -68.2  -87.2      5   0.00    250     11  469.4  469.4  469.4
   51.0  20392  -68.3  -87.3      5   0.00    330     11  479.5  479.5  479.5
   50.0  20510  -68.3  -87.3      5   0.00    310      7  482.1  482.1  482.1
   49.0  20631  -68.6  -88.0      5   0.00    280      5  484.2  484.2  484.2
   48.0  20754  -68.9  -88.6      4   0.00    345      2  486.4  486.4  486.4
   47.3  20842  -69.1  -89.1      4   0.00    254      2  487.9  487.9  487.9
   47.0  20880  -68.5  -88.5      4   0.00    215      2  490.3  490.3  490.3
   46.0  21010  -66.4  -86.4      5   0.01    185      7  498.4  498.4  498.4
   45.5  21076  -65.3  -85.3      5   0.01    199      6  502.6  502.6  502.6
   44.0  21281  -63.6  -83.6      5   0.01    240      2  511.4  511.5  511.4
   43.7  21323  -63.3  -83.3      5   0.01    274      3  513.3  513.3  513.3
   43.0  21422  -63.7  -83.7      5   0.01    355      4  514.7  514.8  514.7
   42.0  21566  -64.2  -84.2      5   0.01     10     12  516.8  516.9  516.8
   41.5  21639  -64.5  -84.5      5   0.01     28     11  517.9  518.0  517.9
   40.0  21864  -64.2  -84.5      5   0.01     85      9  524.0  524.1  524.0
   39.0  22019  -64.1  -84.4      5   0.01    115      7  528.3  528.4  528.3
   38.0  22178  -63.9  -84.4      5   0.01    120      4  532.7  532.8  532.7
   37.0  22342  -63.7  -84.4      4   0.01    355      6  537.2  537.3  537.2
   36.0  22510  -63.5  -84.3      4   0.01     45      4  541.9  542.0  541.9
   34.9  22700  -63.3  -84.3      4   0.01     37      7  547.3  547.4  547.3
   34.0  22860  -63.2  -84.2      4   0.01     30     10  551.7  551.8  551.7
   33.0  23044  -63.1  -84.1      4   0.01     60      3  556.7  556.8  556.7
   32.0  23233  -63.0  -84.0      4   0.01    230      6  562.0  562.1  562.0
   30.0  23630  -62.7  -83.7      4   0.01    270      4  573.1  573.2  573.1
   29.0  23839  -62.4  -83.8      4   0.01    215      5  579.5  579.6  579.5
   28.0  24055  -62.1  -83.8      4   0.01    270      7  586.2  586.4  586.2
   27.4  24188  -61.9  -83.9      4   0.01    300      7  590.4  590.5  590.4
   27.0  24279  -61.7  -83.7      4   0.01    320      7  593.4  593.5  593.4
   25.3  24681  -60.9  -82.9      4   0.02    269      5  606.9  607.0  606.9
   23.0  25273  -59.6  -82.4      4   0.02    195      3  627.3  627.5  627.3
   22.4  25437  -59.3  -82.3      4   0.02    213     10  633.1  633.3  633.1
   22.0  25551  -58.8  -82.0      4   0.02    225     14  637.9  638.1  637.9
   21.0  25843  -57.5  -81.0      3   0.03    255      6  650.4  650.6  650.4
   20.0  26150  -56.1  -80.1      3   0.03    225      8  663.7  664.0  663.7
   19.0  26475  -56.8  -81.6      3   0.03    255     13  671.5  671.7  671.5
   18.8  26542  -56.9  -81.9      3   0.03    247     12  673.1  673.3  673.1
   18.0  26818  -56.6  -82.0      3   0.03    215      9  682.4  682.7  682.4
   17.0  27181  -56.2  -82.1      3   0.03    265     16  694.9  695.2  694.9
   16.7  27294  -56.1  -82.1      2   0.03                698.8  699.1  698.8
</PRE><H3>Station information and sounding indices</H3><PRE>
                             Station number: 76225
                           Observation time: 150131/1200
                           Station latitude: 28.67
                          Station longitude: -106.02
                          Station elevation: 1372.0
                            Showalter index: 2.96
                               Lifted index: 2.75
    LIFT computed using virtual temperature: 2.58
                                SWEAT index: 152.41
                                    K index: 22.20
                         Cross totals index: 21.40
                      Vertical totals index: 24.50
                        Totals totals index: 45.90
      Convective Available Potential Energy: 0.00
             CAPE using virtual temperature: 0.00
                      Convective Inhibition: 0.00
             CINS using virtual temperature: 0.00
                     Bulk Richardson Number: 0.00
          Bulk Richardson Number using CAPV: 0.00
  Temp [K] of the Lifted Condensation Level: 278.07
Pres [hPa] of the Lifted Condensation Level: 788.32
     Mean mixed layer potential temperature: 297.64
              Mean mixed layer mixing ratio: 6.96
              1000 hPa to 500 hPa thickness: 5596.00
Precipitable water [mm] for entire sounding: 14.51
</PRE>
<P>Description of the 
<A HREF="/upperair/columns.html">data columns</A>
or <A HREF="/upperair/indices.html">sounding indices</A>.

<P>
<FORM>
<INPUT CLASS="button" TYPE="button" VALUE=" Close this window " 
 onClick="window.close();">
<INPUT CLASS="button" TYPE="button" VALUE=" Select another map " 
 onClick="window.blur();">
</FORM>
<HR SIZE="1">
<I>Interested in graduate studies in atmospheric science?
Check out our program at the
<a href="http://www.uwyo.edu/atsc/howtoapply/"
target=_top>University of Wyoming
</a></I>
<HR SIZE="1"><FONT SIZE="-1">
Questions about the weather data provided by this site can be
addressed to <A HREF="mailto:ldoolman@uwyo.edu">
Larry Oolman (ldoolman@uwyo.edu)</A></FONT>
<HR SIZE="1">
<SCRIPT TYPE="text/javascript">
<!--
window.focus();
// -->
</SCRIPT>
</BODY>
</HTML>
